0.000000000000000000e+00
0.000000000000000000e+00
0.000000000000000000e+00
0.000000000000000000e+00
0.000000000000000000e+00
0.000000000000000000e+00
0.000000000000000000e+00
0.000000000000000000e+00
0.000000000000000000e+00
0.000000000000000000e+00
0.000000000000000000e+00
0.000000000000000000e+00
0.000000000000000000e+00
0.000000000000000000e+00
0.000000000000000000e+00
0.000000000000000000e+00
0.000000000000000000e+00
0.000000000000000000e+00
0.000000000000000000e+00
0.000000000000000000e+00
0.000000000000000000e+00
0.000000000000000000e+00
0.000000000000000000e+00
0.000000000000000000e+00
0.000000000000000000e+00
0.000000000000000000e+00
0.000000000000000000e+00
0.000000000000000000e+00
0.000000000000000000e+00
0.000000000000000000e+00
0.000000000000000000e+00
0.000000000000000000e+00
0.000000000000000000e+00
0.000000000000000000e+00
0.000000000000000000e+00
0.000000000000000000e+00
0.000000000000000000e+00
0.000000000000000000e+00
0.000000000000000000e+00
0.000000000000000000e+00
0.000000000000000000e+00
0.000000000000000000e+00
1.000000000000000000e+00
0.000000000000000000e+00
1.000000000000000000e+00
0.000000000000000000e+00
0.000000000000000000e+00
1.000000000000000000e+00
0.000000000000000000e+00
1.000000000000000000e+00
0.000000000000000000e+00
0.000000000000000000e+00
3.000000000000000000e+00
2.000000000000000000e+00
1.000000000000000000e+00
1.000000000000000000e+00
5.000000000000000000e+00
3.000000000000000000e+00
5.000000000000000000e+00
3.000000000000000000e+00
1.400000000000000000e+01
6.000000000000000000e+00
6.000000000000000000e+00
1.600000000000000000e+01
1.400000000000000000e+01
1.300000000000000000e+01
2.200000000000000000e+01
1.600000000000000000e+01
2.700000000000000000e+01
2.000000000000000000e+01
4.600000000000000000e+01
2.200000000000000000e+01
4.100000000000000000e+01
4.200000000000000000e+01
2.700000000000000000e+01
3.700000000000000000e+01
2.700000000000000000e+01
2.600000000000000000e+01
3.800000000000000000e+01
3.500000000000000000e+01
3.800000000000000000e+01
3.300000000000000000e+01
5.300000000000000000e+01
3.600000000000000000e+01
4.000000000000000000e+01
5.900000000000000000e+01
4.400000000000000000e+01
5.600000000000000000e+01
5.800000000000000000e+01
6.900000000000000000e+01
7.100000000000000000e+01
7.500000000000000000e+01
7.700000000000000000e+01
9.200000000000000000e+01
1.400000000000000000e+02
1.030000000000000000e+02
1.280000000000000000e+02
9.100000000000000000e+01
1.040000000000000000e+02
9.700000000000000000e+01
1.150000000000000000e+02
1.120000000000000000e+02
8.100000000000000000e+01
1.200000000000000000e+02
